img_6_2_0100.jpg, 1078, 116, 178, 423
img_6_2_0176.jpg, 638, 87, 153, 474
img_6_2_0176.jpg, 974, 133, 176, 404
img_6_2_0200.jpg, 665, 82, 154, 473
img_6_2_0200.jpg, 977, 123, 143, 420
img_6_2_0254.jpg, 660, 87, 203, 484
img_6_2_0254.jpg, 1149, 70, 131, 494
img_6_2_0279.jpg, 717, 29, 215, 550
img_6_2_0350.jpg, 741, 145, 123, 385
img_6_2_0420.jpg, 662, 153, 117, 350
img_6_2_0503.jpg, 623, 143, 147, 388
img_6_2_0533.jpg, 574, 124, 147, 411
img_6_2_0583.jpg, 688, 38, 190, 539
img_6_2_0655.jpg, 246, 17, 229, 591
img_6_2_0777.jpg, 1157, 244, 93, 196
img_6_2_0822.jpg, 1023, 258, 81, 176
img_6_2_0861.jpg, 0, 20, 215, 606
img_6_2_0861.jpg, 938, 263, 81, 179
img_6_2_0890.jpg, 833, 271, 75, 160
img_6_2_0953.jpg, 374, 291, 92, 206
img_6_2_0953.jpg, 806, 285, 88, 177
img_6_2_0996.jpg, 458, 283, 83, 203
img_6_2_0996.jpg, 828, 294, 61, 182
img_6_2_1076.jpg, 143, 273, 122, 247
img_6_2_1076.jpg, 603, 320, 103, 161
img_6_2_1125.jpg, 41, 268, 109, 248
img_6_2_1125.jpg, 467, 319, 59, 147
img_6_2_1143.jpg, 0, 265, 127, 257
img_6_2_1143.jpg, 403, 326, 58, 126
img_6_2_1247.jpg, 0, 236, 97, 293
img_6_2_1247.jpg, 191, 315, 64, 132
img_6_2_1315.jpg, 146, 311, 96, 181
img_6_2_1382.jpg, 17, 309, 96, 184
img_6_2_1492.jpg, 338, 276, 125, 225
img_6_2_1499.jpg, 400, 265, 83, 218
