img_6_1_0281.jpg, 0, 234, 225, 476
img_6_1_0346.jpg, 266, 236, 169, 463
img_6_1_0376.jpg, 0, 236, 139, 487
img_6_1_0441.jpg, 0, 264, 171, 462
img_6_1_0568.jpg, 0, 269, 191, 454
img_6_1_0618.jpg, 439, 293, 162, 401
img_6_1_0678.jpg, 329, 275, 154, 450
img_6_1_0678.jpg, 738, 279, 218, 427
img_6_1_0733.jpg, 274, 266, 277, 440
img_6_1_0733.jpg, 631, 279, 189, 489
img_6_1_0788.jpg, 280, 281, 207, 455
img_6_1_0788.jpg, 550, 271, 216, 457
img_6_1_0832.jpg, 189, 289, 216, 439
img_6_1_0832.jpg, 838, 258, 220, 486
img_6_1_0887.jpg, 559, 300, 173, 410
img_6_1_0887.jpg, 825, 255, 295, 464
img_6_1_0931.jpg, 478, 448, 305, 253
img_6_1_0931.jpg, 970, 250, 191, 470
img_6_1_0964.jpg, 552, 273, 201, 417
img_6_1_0964.jpg, 741, 229, 208, 475
img_6_1_1019.jpg, 605, 305, 99, 388
img_6_1_1019.jpg, 395, 252, 224, 433
img_6_1_1085.jpg, 396, 311, 102, 300
img_6_1_1085.jpg, 580, 244, 414, 476
img_6_1_1140.jpg, 930, 234, 353, 483
img_6_1_1140.jpg, 627, 327, 114, 308
img_6_1_1195.jpg, 927, 246, 275, 473
img_6_1_1195.jpg, 698, 321, 101, 306
img_6_1_1250.jpg, 563, 324, 87, 159
img_6_1_1250.jpg, 575, 369, 156, 249
img_6_1_1316.jpg, 483, 334, 69, 182
img_6_1_1316.jpg, 410, 315, 76, 194
img_6_1_1349.jpg, 507, 329, 83, 174
img_6_1_1349.jpg, 281, 311, 123, 265
img_6_1_1371.jpg, 222, 301, 106, 228
img_6_1_1371.jpg, 517, 323, 81, 185
img_6_1_1393.jpg, 275, 303, 130, 234
img_6_1_1371.jpg, 528, 320, 91, 194
img_6_1_1426.jpg, 346, 298, 123, 267
img_6_1_1426.jpg, 618, 321, 103, 206
img_6_1_1459.jpg, 375, 303, 112, 279
img_6_1_1459.jpg, 663, 316, 108, 210
img_6_1_1492.jpg, 316, 299, 78, 197
img_6_1_1492.jpg, 672, 319, 146, 232

